1111111111111111111111111
0000001111111111111000000
0000001010101010101000000
0000000000000000000000000
0000000000000000000000000
0000000000000000000000000
0000000000000000000000000
1222221000000000001222221
0000001444444444441000000
0000000000011100000000000
0000000000011100000000000
0000000000011100000000000
0000000000111110000000000
0000000000101010000000000
1222221000000000001222221
0000001444444444441000000
0000001000011100001000000
0000000000011100000000000
0000000000011100000000000
0000000000144410000000000
0000000000000000000000000
1222221000000000001222221
0000001444444444441000000
0000000000011100000000000
0000000000011100000000000
0000000000011100000000000
0000000000111110000000000
0000000000101010000000000
1111111111113111111111111
0000001111111111111000000
0000001010101010101000000
0000000000000000000000000
0000000000000000000000000
0000000000000000000000000
0000000000000000000000000
9999999999999999999999999
0000000000000000000000000
0000000000000000000000000
0000000000000000000000000
0000000000000000000000000
0000000000000000000000000
0000000000000000000000000
9111191111119111111911119
0000000000000000000000000
0000000000000000000000000
0000000000000000000000000
0000000000000000000000000
0000000000000000000000000
0000000000000000000000000
9155191555519155551915519
0000000000000000000000000
0000000000000000000000000
0000000000000000000000000
0000000000000000000000000
0000000000000000000000000
0000000000000000000000000
9155191511119111151915519
0000000000000000000000000
0000000000000000000000000
0000000000000000000000000
0000000000000000000000000
0000000000000000000000000
0000000000000000000000000
9155191519999999151915519
0000000000000000000000000
0000000000000000000000000
0000000000000000000000000
0000000000000000000000000
0000000000000000000000000
0000000000000000000000000
9155191519559559151915519
0000000000000000000000000
0000000000000000000000000
0000000000000000000000000
0000000000000000000000000
0000000000000000000000000
0000000000000000000000000
9111191119559559111911119
0000000000000000000000000
0000000000000000000000000
0000000000000000000000000
0000000000000000000000000
0000000000000000000000000
0000000000000000000000000
9999999999999999999999999
0000000000000000000000000
0000000000000000000000000
0000000000000000000000000
0000000000000000000000000
0000000000000000000000000
0000000000000000000000000
9111191119559559111911119
0000000000000000000000000
0000000000000000000000000
0000000000000000000000000
0000000000000000000000000
0000000000000000000000000
0000000000000000000000000
9155191519559559151915519
0000000000000000000000000
0000000000000000000000000
0000000000000000000000000
0000000000000000000000000
0000000000000000000000000
0000000000000000000000000
9155191519999999151915519
0000000000000000000000000
0000000000000000000000000
0000000000000000000000000
0000000000000000000000000
0000000000000000000000000
0000000000000000000000000
9155191511119111151915519
0000000000000000000000000
0000000000000000000000000
0000000000000000000000000
0000000000000000000000000
0000000000000000000000000
0000000000000000000000000
9155191555519155551915519
0000000000000000000000000
0000000000000000000000000
0000000000000000000000000
0000000000000000000000000
0000000000000000000000000
0000000000000000000000000
9111191111119111111911119
0000000000000000000000000
0000000000000000000000000
0000000000000000000000000
0000000000000000000000000
0000000000000000000000000
0000000000000000000000000
9999999999990999999999999
0000000000000000000000000
0000000000000000000000000
0000000000000000000000000
0000000000000000000000000
0000000000000000000000000
0000000000000000000000000
9111111119111119111111119
0000000000000000000000000
0000000000000000000000000
0000000000000000000000000
0000000000000000000000000
0000000000000000000000000
0000000000000000000000000
9999999919155519199999999
0000000000000000000000000
0000000000000000000000000
0000000000000000000000000
0000000000000000000000000
0000000000000000000000000
0000000000000000000000000
9555555919155519195555559
0000000000000000000000000
0000000000000000000000000
0000000000000000000000000
0000000000000000000000000
0000000000000000000000000
0000000000000000000000000
9555555919111119195555559
0000000000000000000000000
0000000000000000000000000
0000000000000000000000000
0000000000000000000000000
0000000000000000000000000
0000000000000000000000000
9999999999999999999999999
0000000000000000000000000
0000000000000000000000000
0000000000000000000000000
0000000000000000000000000
0000000000000000000000000
0000000000000000000000000