1111111111111111111111111
0000001111111111111000000
0000001010101010101000000
0000000000000000000000000
0000000000000000000000000
0000000000000000000000000
0000000000000000000000000
1222221000000000001222221
0000001444444444441000000
0000000000011100000000000
0000000000011100000000000
0000000000011100000000000
0000000000111110000000000
0000000000101010000000000
1222221000000000001222221
0000001444444444441000000
0000001000011100001000000
0000000000011100000000000
0000000000011100000000000
0000000000144410000000000
0000000000000000000000000
1222221000000000001222221
0000001444444444441000000
0000000000011100000000000
0000000000011100000000000
0000000000011100000000000
0000000000111110000000000
0000000000101010000000000
1111111111113111111111111
0000001111111111111000000
0000001010101010101000000
0000000000000000000000000
0000000000000000000000000
0000000000000000000000000
0000000000000000000000000
0000000000000000000000000
0000000000000000000000000
0000000000000000000000000
0000000000000000000000000
0000000000000000000000000
0000000000000000000000000
0000000000000000000000000
0001101111110111111011000
0000000000000000000000000
0000000000000000000000000
0000000000000000000000000
0000000000000000000000000
0000000000000000000000000
0000000000000000000000000
0001101555510155551011000
0000000000000000000000000
0000000000000000000000000
0000000000000000000000000
0000000000000000000000000
0000000000000000000000000
0000000000000000000000000
0001101500000000051011000
0000000000000000000000000
0000000000000000000000000
0000000000000000000000000
0000000000000000000000000
0000000000000000000000000
0000000000000000000000000
0000001505510155051000000
0000000000000000000000000
0000000000000000000000000
0000000000000000000000000
0000000000000000000000000
0000000000000000000000000
0000000000000000000000000
0001101505100015051011000
0000000000000000000000000
0000000000000000000000000
0000000000000000000000000
0000000000000000000000000
0000000000000000000000000
0000000000000000000000000
0001101101007001011011000
0000000000000000000000000
0000000000000000000000000
0000000000000000000000000
0000000000000000000000000
0000000000000000000000000
0000000000000000000000000
0000000000070700000000000
0000000000002000000000000
0000000000000000000000000
0000000000000000000000000
0000000000000000000000000
0000000000000000000000000
0000000000000000000000000
0001101101007001011011000
0000000000000000000000000
0000000000000000000000000
0000000000000000000000000
0000000000000000000000000
0000000000000000000000000
0000000000000000000000000
0001101505100015051011000
0000000000000000000000000
0000000000000000000000000
0000000000000000000000000
0000000000000000000000000
0000000000000000000000000
0000000000000000000000000
0000001505510155051000000
0000000000000000000000000
0000000000000000000000000
0000000000000000000000000
0000000000000000000000000
0000000000000000000000000
0000000000000000000000000
0001101500000000051011000
0000000000000000000000000
0000000000000000000000000
0000000000000000000000000
0000000000000000000000000
0000000000000000000000000
0000000000000000000000000
0001101555510155551011000
0000000000000000000000000
0000000000000000000000000
0000000000000000000000000
0000000000000000000000000
0000000000000000000000000
0000000000000000000000000
0001101111110111111011000
0000000000000000000000000
0000000000000000000000000
0000000000000000000000000
0000000000000000000000000
0000000000000000000000000
0000000000000000000000000